MONITOR_LCD_19 50245320 18 12 2006 600000
MONITOR_LCD_19 50245321 18 12 2006 600000
MONITOR_LCD_19 50245322 18 12 2006 600000
MONITOR_DELL 50245323 1 4 2016 300000
MONITOR_DELL 50245324 1 4 2016 300000
MONITOR_DELL 50245325 1 4 2016 300000
CPU_HP_Z600 50246331 21 12 2009 7323400
CPU_HP_Z600 50246333 21 12 2009 7323400
CPU_HP_Z600 50246333 21 12 2009 7323400
WORKSTATION_DELL_T5810 50246334 1 4 2016 6495198
WORKSTATION_DELL_T5810 50246335 1 4 2016 6495198
WORKSTATION_DELL_T5810 50246336 1 4 2016 6495198
TELEFONO_IP 50652401 21 12 2009 163800
SILLA_GIRATORIA 50661215 4 5 2010 174900

